48303 VTCC Chiang Rai ERA5 Simulated at 00z 23 Apr 2020

-----------------------------------------------------------------------------
   PRES   HGHT   TEMP   DWPT   RELH   MIXR   DRCT   SKNT   THTA   THTE   THTV
    hPa     m      C      C      %    g/kg    deg   knot     K      K      K 
-----------------------------------------------------------------------------
 1000.0    100  29.49  23.27     69  18.52     87      2  302.6  357.1  306.0
  975.0    319  28.04  21.85     69  17.39     88      2  303.4  354.6  306.5
  950.0    544  26.06  18.99     65  14.90    115      3  303.6  347.6  306.3
  925.0    778  25.06  15.42     55  12.19    162     12  304.9  341.1  307.2
  900.0   1018  23.14  15.56     62  12.60    180     23  305.3  342.9  307.7
  875.0   1264  21.87  15.03     65  12.51    194     34  306.5  344.0  308.8
  850.0   1515  20.82  12.62     59  11.00    210     37  307.9  341.1  310.0
  825.0   1773  19.61   9.92     54   9.47    227     31  309.3  338.1  311.1
  800.0   2037  17.99   8.04     52   8.58    246     25  310.3  336.6  311.9
  775.0   2308  16.02   6.98     55   8.22    259     22  311.0  336.4  312.6
  750.0   2586  13.71   6.59     62   8.24    262     21  311.4  337.0  313.0
  700.0   3163   9.10   4.84     75   7.79    244     26  312.5  336.9  314.0
  650.0   3773   5.09  -0.01     70   5.92    240     42  314.7  333.5  315.8
  600.0   4422   0.93  -8.17     51   3.47    255     55  317.1  328.6  317.8
  550.0   5114  -4.01 -10.48     61   3.15    261     65  319.3  329.8  319.9
  500.0   5860  -8.05 -16.08     52   2.19    262     77  323.2  330.7  323.6
  450.0   6672 -12.11 -24.51     35   1.18    257     75  327.9  332.2  328.2
  400.0   7563 -17.45 -27.81     40   0.98    252     84  332.2  335.9  332.4
  350.0   8549 -24.69 -34.01     42   0.62    246     91  335.4  337.8  335.5
  300.0   9650 -34.00 -39.77     56   0.40    235    103  337.3  338.9  337.4
  250.0  10899 -43.05 -43.86     92   0.31    230    140  341.9  343.2  342.0
  225.0  11602 -48.24 -48.26    100   0.21    223    150  344.4  345.3  344.5
  200.0  12365 -54.65 -54.17    106   0.12    227    154  346.1  346.6  346.1
  175.0  13210 -58.87 -65.59     41   0.03    229    132  352.6  352.7  352.6
  150.0  14167 -63.40 -73.36     25   0.01    234    106  360.7  360.7  360.7
  125.0  15269 -69.94 -78.66     27   0.01    255     90  368.1  368.1  368.1
  100.0  16570 -78.01 -81.53     57   0.01    251     72  376.8  376.8  376.8
   70.0  18609 -75.67 -83.88     27   0.01    279     28  422.2  422.2  422.2
   50.0  20601 -62.96 -86.02      3   0.00     29     21  494.7  494.7  494.7
   30.0  23795 -56.28 -88.86      1   0.00     97     45  590.6  590.7  590.6
   20.0  26390 -51.15 -91.06      0   0.00     86     55  678.9  678.9  678.9
   10.0  31013 -41.72 -95.22      0   0.00    231      5  862.7  862.7  862.7
    7.0  33440 -38.62 -97.06      0   0.00    123     12  968.0  968.1  968.0
    5.0  35768 -34.46 -98.35      0   0.01    175     11 1084.6 1084.7 1084.6
    3.0  39463 -17.77 -99.67      0   0.01    260     61 1342.8 1342.9 1342.8
    2.0  42542 -11.11-105.47      0  -0.01    282     53 1547.0 1547.1 1547.0
    1.0  47855 -13.29-106.25      0  -0.00    268     13 1870.2 1870.3 1870.2
Station information and sounding indices