48303 VTCC Chiang Rai ERA5 Simulated at 11z 21 Apr 2020

-----------------------------------------------------------------------------
   PRES   HGHT   TEMP   DWPT   RELH   MIXR   DRCT   SKNT   THTA   THTE   THTV
    hPa     m      C      C      %    g/kg    deg   knot     K      K      K 
-----------------------------------------------------------------------------
 1000.0     32  40.15  13.11     20  10.13    128      4  313.3  343.2  315.2
  975.0    255  38.65  11.82     20   9.51    127      4  314.1  342.3  315.9
  950.0    483  37.08  10.69     20   9.01    130      4  314.8  341.8  316.5
  925.0    724  35.39   8.46     19   7.93    173      5  315.5  339.5  317.0
  900.0    971  32.95   7.80     21   7.74    190      4  315.5  339.0  316.9
  875.0   1223  30.50   6.98     23   7.48    205      5  315.5  338.4  316.9
  850.0   1481  28.00   6.51     26   7.41    218      6  315.5  338.3  316.9
  825.0   1744  25.45   6.16     29   7.42    235      8  315.5  338.5  316.9
  800.0   2013  22.91   5.78     33   7.41    248     11  315.5  338.6  317.0
  775.0   2288  20.28   5.31     37   7.38    256     14  315.6  338.7  317.0
  750.0   2569  17.66   4.65     42   7.26    262     20  315.7  338.5  317.1
  700.0   3154  12.60   2.06     49   6.43    268     35  316.4  336.8  317.6
  650.0   3771   7.79  -2.85     47   4.82    267     42  317.7  333.3  318.7
  600.0   4425   3.27  -9.96     37   3.02    261     43  319.9  329.9  320.4
  550.0   5124  -0.85 -19.94     22   1.44    254     45  323.0  328.1  323.3
  500.0   5877  -5.66 -29.09     14   0.70    248     47  326.1  328.7  326.2
  450.0   6694 -10.96 -36.46     10   0.38    241     52  329.4  330.8  329.5
  400.0   7587 -17.18 -41.49     10   0.25    234     63  332.6  333.6  332.6
  350.0   8575 -23.44 -42.69     15   0.25    234     83  337.1  338.1  337.1
  300.0   9683 -32.07 -46.49     23   0.20    239     98  340.1  340.9  340.1
  250.0  10944 -41.45 -48.58     46   0.19    229    116  344.3  345.1  344.3
  225.0  11649 -47.02 -51.60     59   0.15    228    117  346.3  346.9  346.3
  200.0  12417 -53.48 -55.47     79   0.10    225    118  347.9  348.4  347.9
  175.0  13262 -60.15 -62.60     73   0.05    229    126  350.5  350.7  350.5
  150.0  14208 -66.00 -68.69     69   0.02    235    125  356.2  356.3  356.2
  125.0  15301 -70.66 -75.97     45   0.01    252     97  366.8  366.9  366.8
  100.0  16603 -76.43 -81.67     43   0.01    263     52  379.8  379.8  379.8
   70.0  18649 -75.69 -83.85     27   0.01    277      8  422.1  422.2  422.1
   50.0  20639 -63.39 -86.10      3   0.00    145     12  493.7  493.7  493.7
   30.0  23821 -57.51 -88.85      1   0.00     92     34  587.3  587.3  587.3
   20.0  26420 -51.50 -91.11      0   0.00     58     48  677.8  677.8  677.8
   10.0  31044 -41.10 -95.38      0   0.00    115     37  865.0  865.0  865.0
    7.0  33479 -37.62 -96.67      0   0.00    116     10  972.2  972.2  972.2
    5.0  35833 -29.20 -98.69      0   0.01     13     26 1108.5 1108.6 1108.5
    3.0  39572 -18.30-100.27      0   0.01    278     48 1340.0 1340.2 1340.0
    2.0  42668  -8.31-106.57      0  -0.00    272     52 1563.6 1563.7 1563.6
    1.0  48045  -8.80-106.74      0  -0.00    250     29 1902.5 1902.6 1902.5
Station information and sounding indices