48303 VTCC Chiang Rai ERA5 Simulated at 11z 21 Apr 2020

-----------------------------------------------------------------------------
   PRES   HGHT   TEMP   DWPT   RELH   MIXR   DRCT   SKNT   THTA   THTE   THTV
    hPa     m      C      C      %    g/kg    deg   knot     K      K      K 
-----------------------------------------------------------------------------
 1000.0     57  37.68  15.84     28  11.96    150      5  310.8  346.1  313.1
  975.0    279  36.18  14.55     28  11.26    150      5  311.6  345.0  313.7
  950.0    507  34.70  13.28     28  10.60    151      5  312.4  344.0  314.4
  925.0    746  32.90  11.04     26   9.35    181     10  312.9  341.1  314.7
  900.0    992  30.50  10.63     29   9.30    189     11  312.9  341.1  314.7
  875.0   1242  28.07  10.01     32   9.13    196     12  312.9  340.7  314.7
  850.0   1499  25.62   9.48     36   9.02    207     13  313.0  340.6  314.7
  825.0   1760  23.13   8.93     40   8.91    220     13  313.0  340.4  314.7
  800.0   2027  20.64   8.30     45   8.78    237     15  313.1  340.2  314.8
  775.0   2300  18.12   7.59     50   8.60    253     19  313.3  339.9  314.9
  750.0   2580  15.59   6.76     56   8.37    266     25  313.5  339.5  315.1
  700.0   3160  10.78   3.80     62   7.26    273     39  314.4  337.2  315.8
  650.0   3774   6.58  -0.88     59   5.57    264     37  316.4  334.2  317.4
  600.0   4426   3.34 -10.71     35   2.85    258     38  319.9  329.5  320.5
  550.0   5126  -1.59  -9.09     57   3.52    255     36  322.1  333.9  322.8
  500.0   5878  -6.01 -17.17     41   2.01    245     40  325.6  332.6  326.0
  450.0   6695 -10.64 -28.33     22   0.83    239     49  329.8  332.9  329.9
  400.0   7591 -16.26 -33.46     21   0.57    242     62  333.8  336.0  333.9
  350.0   8581 -23.16 -38.15     24   0.41    244     54  337.4  339.1  337.5
  300.0   9690 -31.76 -38.70     50   0.45    249     74  340.5  342.3  340.6
  250.0  10953 -40.64 -52.43     27   0.12    243    106  345.5  346.0  345.5
  225.0  11662 -46.18 -56.78     29   0.08    236    120  347.6  347.9  347.6
  200.0  12433 -52.82 -57.39     57   0.08    233    131  349.0  349.3  349.0
  175.0  13281 -59.33 -65.31     46   0.03    237    118  351.8  352.0  351.8
  150.0  14230 -65.87 -69.06     64   0.02    244     96  356.4  356.5  356.4
  125.0  15322 -70.64 -76.49     42   0.01    249     59  366.8  366.9  366.8
  100.0  16622 -76.97 -80.02     62   0.01    238     42  378.8  378.8  378.8
   70.0  18660 -77.84 -83.68     39   0.01    183     13  417.5  417.6  417.5
   50.0  20643 -64.36 -86.00      4   0.00     93     17  491.4  491.4  491.4
   30.0  23846 -55.87 -88.93      1   0.00     91     45  591.7  591.8  591.7
   20.0  26426 -51.92 -91.21      0   0.00     72     70  676.5  676.6  676.5
   10.0  31077 -39.19 -95.44      0   0.00     57     38  872.1  872.2  872.1
    7.0  33526 -37.10 -97.17      0   0.00     95     22  974.3  974.4  974.3
    5.0  35899 -26.77 -98.95      0   0.00     40     23 1119.6 1119.6 1119.6
    3.0  39639 -16.95 -99.72      0   0.01    230     37 1347.1 1347.2 1347.1
    2.0  42722  -9.74-107.06      0  -0.00    282     53 1555.1 1555.2 1555.1
    1.0  48124  -8.19-106.53      0  -0.00    243     37 1906.9 1907.1 1906.9
Station information and sounding indices