48303 VTCC Chiang Rai ERA5 Simulated at 11z 21 Apr 2020

-----------------------------------------------------------------------------
   PRES   HGHT   TEMP   DWPT   RELH   MIXR   DRCT   SKNT   THTA   THTE   THTV
    hPa     m      C      C      %    g/kg    deg   knot     K      K      K 
-----------------------------------------------------------------------------
 1000.0     39  37.01  23.38     46  19.08    116      4  310.2  366.8  313.7
  975.0    260  35.52  22.03     46  17.96    115      4  310.9  364.5  314.2
  950.0    488  33.89  20.51     46  16.72    120      4  311.6  361.7  314.7
  925.0    726  32.50  12.30     29  10.15    160     14  312.5  343.1  314.4
  900.0    972  30.65  11.62     31   9.93    179     22  313.1  343.1  315.0
  875.0   1223  28.36  10.65     33   9.53    183     26  313.2  342.2  315.0
  850.0   1479  25.73  10.27     38   9.51    184     28  313.1  342.2  314.9
  825.0   1741  23.15   9.57     42   9.31    189     28  313.0  341.6  314.8
  800.0   2008  20.61   8.69     46   9.01    197     29  313.1  340.9  314.8
  775.0   2281  18.09   7.72     51   8.67    206     31  313.2  340.1  314.9
  750.0   2561  15.69   6.71     55   8.34    218     34  313.6  339.6  315.2
  700.0   3142  11.06   4.65     65   7.71    239     44  314.7  339.0  316.2
  650.0   3755   6.38   1.97     73   6.84    252     54  316.1  337.9  317.4
  600.0   4406   1.27  -1.94     79   5.56    260     60  317.5  335.5  318.6
  550.0   5102  -2.53  -8.01     66   3.82    265     66  321.0  333.8  321.8
  500.0   5852  -6.87 -13.18     61   2.79    262     72  324.6  334.1  325.1
  450.0   6667 -11.93 -18.56     58   1.98    261     77  328.2  335.1  328.6
  400.0   7559 -17.36 -23.87     57   1.40    258     76  332.3  337.4  332.6
  350.0   8546 -24.01 -34.66     37   0.58    259     89  336.3  338.5  336.4
  300.0   9649 -33.24 -46.63     25   0.19    260     76  338.4  339.2  338.4
  250.0  10902 -43.13 -53.22     32   0.11    245     93  341.8  342.3  341.8
  225.0  11603 -48.08 -58.74     28   0.06    240    118  344.7  345.0  344.7
  200.0  12370 -52.55 -63.22     26   0.04    239    125  349.4  349.6  349.4
  175.0  13223 -57.88 -67.17     29   0.03    246    117  354.2  354.3  354.2
  150.0  14177 -65.03 -72.40     35   0.01    254    108  357.9  357.9  357.9
  125.0  15272 -70.62 -76.73     40   0.01    265    118  366.9  366.9  366.9
  100.0  16577 -77.06 -80.55     57   0.01    258     94  378.6  378.6  378.6
   70.0  18625 -76.73 -83.87     32   0.01    272     22  419.9  419.9  419.9
   50.0  20628 -63.23 -86.09      3   0.00    259      2  494.1  494.1  494.1
   30.0  23801 -57.97 -88.78      1   0.01     98     27  586.0  586.1  586.0
   20.0  26411 -46.74 -91.27      0   0.00    107     31  692.3  692.4  692.3
   10.0  31055 -40.51 -95.26      0   0.00     91     36  867.2  867.2  867.2
    7.0  33490 -39.85 -97.15      0   0.00     78      2  962.9  963.0  962.9
    5.0  35821 -30.73 -98.34      0   0.01    106     13 1101.6 1101.6 1101.6
    3.0  39589 -14.32-108.63      0   0.00    215     67 1361.0 1361.0 1361.0
    2.0  42698  -7.55-106.31      0  -0.00    273     58 1568.1 1568.1 1568.1
    1.0  48116  -8.30-106.57      0  -0.00    205     20 1906.1 1906.3 1906.1
Station information and sounding indices