48303 VTCC Chiang Rai ERA5 Simulated at 11z 21 Apr 2020

-----------------------------------------------------------------------------
   PRES   HGHT   TEMP   DWPT   RELH   MIXR   DRCT   SKNT   THTA   THTE   THTV
    hPa     m      C      C      %    g/kg    deg   knot     K      K      K 
-----------------------------------------------------------------------------
 1000.0     26  39.80  14.12     22  10.80    271      4  313.0  344.8  315.0
  975.0    249  38.30  12.84     22  10.15    271      4  313.7  343.9  315.6
  950.0    477  36.69  11.48     22   9.48    270      5  314.4  342.8  316.2
  925.0    717  35.14   9.71     21   8.62    260     15  315.2  341.3  316.9
  900.0    964  32.78   8.54     22   8.13    253     20  315.3  340.0  316.8
  875.0   1217  30.38   6.99     23   7.49    247     24  315.3  338.3  316.8
  850.0   1474  27.93   6.59     26   7.45    242     28  315.4  338.4  316.8
  825.0   1737  25.38   6.30     29   7.49    239     31  315.4  338.6  316.8
  800.0   2006  22.74   5.90     34   7.48    238     33  315.4  338.6  316.8
  775.0   2281  20.03   5.43     38   7.44    237     35  315.3  338.6  316.7
  750.0   2562  17.26   4.94     44   7.40    236     37  315.3  338.5  316.7
  700.0   3146  11.52   3.98     60   7.36    233     41  315.2  338.4  316.6
  650.0   3759   5.86   2.39     78   7.05    234     47  315.5  337.9  316.9
  600.0   4409   1.70  -2.54     73   5.32    244     52  318.0  335.3  319.1
  550.0   5107  -2.09  -7.45     67   3.99    248     59  321.6  334.9  322.3
  500.0   5858  -5.86 -13.87     53   2.64    246     64  325.8  334.9  326.4
  450.0   6676 -10.77 -20.55     44   1.67    245     71  329.6  335.6  329.9
  400.0   7571 -16.49 -24.98     48   1.27    241     77  333.5  338.1  333.7
  350.0   8561 -23.33 -33.12     40   0.67    235     91  337.2  339.8  337.3
  300.0   9669 -32.05 -42.69     34   0.30    238    107  340.1  341.3  340.1
  250.0  10928 -42.14 -46.90     60   0.22    231    127  343.3  344.2  343.3
  225.0  11631 -47.58 -47.24    104   0.24    225    132  345.4  346.4  345.5
  200.0  12398 -53.67 -53.83     98   0.13    224    134  347.6  348.2  347.6
  175.0  13244 -59.69 -60.99     85   0.06    220    121  351.2  351.5  351.2
  150.0  14195 -65.20 -67.18     76   0.03    229     94  357.6  357.7  357.6
  125.0  15288 -70.30 -74.19     57   0.01    229     77  367.5  367.5  367.5
  100.0  16597 -76.38 -80.67     51   0.01    271     59  379.9  379.9  379.9
   70.0  18637 -76.30 -83.84     30   0.01    222      7  420.8  420.9  420.8
   50.0  20627 -64.97 -86.05      4   0.00    159     17  490.0  490.0  490.0
   30.0  23794 -58.31 -88.80      1   0.00     86     33  585.1  585.1  585.1
   20.0  26398 -51.67 -91.11      0   0.00     57     34  677.3  677.3  677.3
   10.0  31000 -40.32 -95.37      0   0.00    125     29  867.9  867.9  867.9
    7.0  33455 -36.29 -96.76      0   0.00    239     22  977.6  977.7  977.6
    5.0  35815 -30.13 -99.12      0   0.00    321     27 1104.3 1104.4 1104.3
    3.0  39508 -19.52-100.76      0   0.01    239     22 1333.6 1333.7 1333.6
    2.0  42616  -6.12-105.83      0  -0.00    271     54 1576.5 1576.6 1576.5
    1.0  48036  -8.52-106.64      0  -0.00    250     37 1904.5 1904.6 1904.5
Station information and sounding indices